1.000000  0.000000
0.999321  0.000145
0.997287  0.000579
0.993903  0.001298
0.989177  0.002295
0.983121  0.003564
0.975752  0.005092
0.967087  0.006869
0.957150  0.008878
0.945966  0.011105
0.933564  0.013532
0.919977  0.016140
0.905240  0.018910
0.889392  0.021822
0.872474  0.024854
0.854532  0.027985
0.835612  0.031195
0.815767  0.034460
0.795047  0.037760
0.773510  0.041072
0.751213  0.044375
0.728216  0.047648
0.704581  0.050869
0.680374  0.054017
0.655659  0.057071
0.630504  0.060012
0.604979  0.062817
0.579153  0.065468
0.553097  0.067946
0.526885  0.070230
0.500587  0.072303
0.474279  0.074147
0.448032  0.075745
0.421921  0.077082
0.395987  0.078142
0.370157  0.078855
0.344680  0.079180
0.319630  0.079112
0.295082  0.078650
0.271106  0.077795
0.247774  0.076553
0.225154  0.074933
0.203313  0.072945
0.182315  0.070605
0.162221  0.067930
0.143089  0.064940
0.124973  0.061659
0.107927  0.058112
0.091996  0.054325
0.077226  0.050327
0.063657  0.046145
0.051324  0.041808
0.040261  0.037346
0.030495  0.032785
0.022051  0.028152
0.014950  0.023471
0.009206  0.018764
0.004833  0.014049
0.001838  0.009343
0.000227  0.004657
0.000000  0.000000
0.001143 -0.004520
0.003640 -0.008797
0.007479 -0.012828
0.012647 -0.016609
0.019125 -0.020136
0.026892 -0.023408
0.035924 -0.026419
0.046194 -0.029168
0.057669 -0.031651
0.070318 -0.033869
0.084103 -0.035820
0.098987 -0.037507
0.114928 -0.038931
0.131882 -0.040097
0.149805 -0.041012
0.168649 -0.041685
0.188365 -0.042124
0.208902 -0.042343
0.230207 -0.042356
0.252226 -0.042178
0.274904 -0.041827
0.298182 -0.041321
0.322002 -0.040679
0.346303 -0.039923
0.371024 -0.039071
0.396102 -0.038146
0.421645 -0.037134
0.447439 -0.035998
0.473385 -0.034752
0.499413 -0.033414
0.525451 -0.031999
0.551431 -0.030522
0.577282 -0.028997
0.602933 -0.027439
0.628315 -0.025859
0.653358 -0.024269
0.677994 -0.022677
0.702155 -0.021095
0.725775 -0.019529
0.748787 -0.017986
0.771129 -0.016475
0.792738 -0.014999
0.813554 -0.013565
0.833518 -0.012178
0.852575 -0.010842
0.870671 -0.009563
0.887754 -0.008344
0.903777 -0.007191
0.918693 -0.006108
0.932461 -0.005099
0.945040 -0.004169
0.956395 -0.003322
0.966493 -0.002563
0.975305 -0.001896
0.982805 -0.001324
0.988971 -0.000852
0.993785 -0.000481
0.997235 -0.000214
0.999308 -0.000054
1.000000  0.000000