1
0.99724393
0.99302877
0.98759576
0.980973
0.97318444
0.96425563
0.95421588
0.94309694
0.9309269
0.91773137
0.90353508
0.88835544
0.87222377
0.85519433
0.83731399
0.81860187
0.79908783
0.77880329
0.75781185
0.73616722
0.71392335
0.69113253
0.66784999
0.64412966
0.62002932
0.59560765
0.5709243
0.54603992
0.5210163
0.49591496
0.4707989
0.44573218
0.42077918
0.39600535
0.37147713
0.34725856
0.32341084
0.29999461
0.27706924
0.25469243
0.23292112
0.21181026
0.19141381
0.1717839
0.15296979
0.1350176
0.11797471
0.10188707
0.0867985
0.07274637
0.05976603
0.04789762
0.03718313
0.02766205
0.01937828
0.01238756
0.00677038
0.00268553
0.0003567
-0.00029156
0.00057333
0.003176
0.00783147
0.01410337
0.02169856
0.0305117
0.04048972
0.05159286
0.0637862
0.0770343
0.09130142
0.10655242
0.12275009
0.13985394
0.15782155
0.17660874
0.19617021
0.21645853
0.23742433
0.25901665
0.28118311
0.30386989
0.32702193
0.35058295
0.37449547
0.39870034
0.42313641
0.44774337
0.47246228
0.49723413
0.52199945
0.54669961
0.57127679
0.59567261
0.61982954
0.64369055
0.66719953
0.69030106
0.71294194
0.73506872
0.75662978
0.77757384
0.79785147
0.81741469
0.8362111
0.85419276
0.87131477
0.88753602
0.90281806
0.91712373
0.9304187
0.94267115
0.95385134
0.96393194
0.97288872
0.98070063
0.98734932
0.99281851
0.99709111
1
