0
-0.00070544
-0.00087332
-0.00089559
-0.00082928
-0.00071383
-0.00058594
-0.00048723
-0.00045727
-0.00050317
-0.00060678
-0.00073361
-0.00087571
-0.00107088
-0.00126778
-0.00146092
-0.00177258
-0.0022884
-0.00310651
-0.00413855
-0.00533715
-0.00667693
-0.00812236
-0.00965156
-0.01122442
-0.01282065
-0.01441743
-0.01599461
-0.01752958
-0.01900525
-0.02038654
-0.02164536
-0.0227631
-0.02370632
-0.02442587
-0.02490387
-0.02519539
-0.02534857
-0.02537707
-0.02528904
-0.02509554
-0.02479911
-0.02440637
-0.02391789
-0.02333582
-0.02266941
-0.02193318
-0.02112127
-0.02022611
-0.01924293
-0.01818642
-0.017067
-0.0158651
-0.01455588
-0.01312038
-0.01152156
-0.00969722
-0.00750496
-0.00467109
-0.00131527
0.00160481
0.00463309
0.00826785
0.01200073
0.01571555
0.01942857
0.02313849
0.02684035
0.03052249
0.0341702
0.03778113
0.04134771
0.04483908
0.04822257
0.05148534
0.05461825
0.05761178
0.06043745
0.06307289
0.06550362
0.06771757
0.06969733
0.07143105
0.07289846
0.07408276
0.0749643
0.07548883
0.07559461
0.07529145
0.07462397
0.07362157
0.07230066
0.0706861
0.0688106
0.06669046
0.06434572
0.06179734
0.0590649
0.05616641
0.05313969
0.05000033
0.04677451
0.04346689
0.04007547
0.03653707
0.03296026
0.02943961
0.02610631
0.02293827
0.01986586
0.01692385
0.01420095
0.01173828
0.00956129
0.00767091
0.00603338
0.0046106
0.0033691
0.00227274
0.0012682
0
